%YAML:1.0
---
model_type: PINHOLE
camera_name: camera
image_width: 1392
image_height: 512
distortion_parameters:
   k1: -3.745594e-01
   k2: 2.049385e-01
   p1: 1.110145e-03
   p2: 1.379375e-03
projection_parameters:
   fx: 9.799200e+02
   fy: 9.741183e+02
   cx: 6.900000e+02
   cy: 2.486443e+02